           1   150.000000    
           2   152.542374    
           3   155.084747    
           4   157.627121    
           5   160.169495    
           6   162.711868    
           7   165.254242    
           8   167.796616    
           9   170.338989    
          10   172.881363    
          11   175.423737    
          12   177.966095    
          13   180.508484    
          14   183.050842    
          15   185.593216    
          16   188.135590    
          17   190.677963    
          18   193.220337    
          19   195.762711    
          20   198.305084    
          21   200.847458    
          22   203.389832    
          23   205.932205    
          24   208.474579    
          25   211.016953    
          26   213.559326    
          27   216.101700    
          28   218.644073    
          29   221.186432    
          30   223.728821    
          31   226.271179    
          32   228.813568    
          33   231.355927    
          34   233.898315    
          35   236.440674    
          36   238.983063    
          37   241.525421    
          38   244.067810    
          39   246.610168    
          40   249.152542    
          41   251.694916    
          42   254.237289    
          43   256.779663    
          44   259.322021    
          45   261.864410    
          46   264.406799    
          47   266.949158    
          48   269.491516    
          49   272.033905    
          50   274.576263    
          51   277.118652    
          52   279.661011    
          53   282.203400    
          54   284.745789    
          55   287.288147    
          56   289.830505    
          57   292.372864    
          58   294.915253    
          59   297.457642    
          60   300.000000    
