821 820 807 792 834 780 844 766 740 729 730 714 691 702 859 1162 1216 1174 1151 1101 1140 1101 1054 1078 1079 1142 1190 1311 1483 1369 1544 1523 1594 1507 1594 1515 1476 1485 1414 1442 1300 1299 1273 1195 1135 1108 1032 955 917 820 783 786 745 724 700 686 678 662 652 635 630 624 621 621 624 619 616 609 598 588 573 580 575 559 552 534 529 514 507 501 492 482 475 465 457 451 439 432 432 425 419 409 403 396 390 380 374 368 360 355 348 341
845 855 810 811 822 884 861 841 764 757 732 721 707 714 712 1180 1161 1201 1211 1152 1125 1108 1076 1102 1130 1143 1207 1194 1329 1460 1526 1449 1508 1492 1557 1538 1565 1531 1418 1378 1308 1258 1200 1208 1096 966 1025 973 948 802 754 723 724 722 703 692 698 660 648 642 630 622 614 607 612 607 602 596 593 580 573 565 556 544 539 528 519 512 505 493 488 482 473 468 462 454 444 437 437 430 421 412 405 401 390 385 376 369 361 357 349 345
859 870 848 843 851 880 847 857 798 752 738 740 724 724 737 902 1076 1104 1213 1178 1104 1076 1093 1085 1110 1163 1219 1240 1290 1386 1452 1452 1531 1513 1514 1529 1572 1511 1475 1306 1252 1204 1221 1149 1013 1055 916 975 857 802 776 739 715 693 684 678 672 657 657 632 630 622 618 612 601 595 592 576 582 575 568 561 556 563 537 520 517 512 504 497 491 485 477 471 462 455 447 437 437 429 422 415 407 399 392 384 379 371 364 359 350 344
905 862 846 862 864 915 862 888 855 780 763 772 753 737 855 969 1053 1107 1135 1200 1165 1105 1087 1110 1106 1115 1144 1163 1309 1364 1447 1443 1443 1462 1477 1528 1515 1467 1455 1367 1345 1214 1132 1112 1132 1029 935 870 822 828 811 739 714 731 701 687 662 672 667 642 634 630 622 606 601 584 584 580 565 565 553 553 557 556 532 523 518 506 503 496 486 481 475 468 460 452 446 438 438 432 426 416 407 400 393 385 380 371 363 357 353 344
892 856 891 919 899 926 907 900 840 834 783 770 756 775 885 946 1079 1073 1093 1185 1169 1124 1096 1124 1127 1128 1134 1146 1289 1332 1360 1433 1425 1447 1406 1432 1424 1346 1463 1360 1296 1245 1191 1175 1123 1121 1005 945 887 820 772 740 727 714 695 695 680 682 669 644 652 649 624 608 604 598 588 582 579 568 558 551 537 537 534 527 517 510 503 497 486 479 474 467 463 458 444 435 435 427 420 412 404 399 391 385 379 366 361 359 357 346
886 890 883 951 935 943 909 867 845 840 810 792 790 891 933 1030 1112 1109 1124 1159 1137 1135 1105 1112 1124 1136 1136 1168 1203 1310 1347 1357 1412 1434 1438 1422 1332 1350 1304 1286 1257 1199 1181 1081 1170 1127 1046 899 922 830 802 769 739 734 707 693 696 673 659 674 653 636 631 612 598 594 589 584 585 567 559 576 572 534 532 527 519 509 501 493 486 479 470 460 457 452 440 433 433 427 420 415 407 402 395 388 382 373 366 360 352 347
920 939 921 962 931 921 905 903 869 855 792 823 1039 1160 1035 1114 1153 1153 1196 1149 1123 1141 1125 1120 1125 1114 1147 1174 1207 1232 1278 1318 1364 1444 1484 1430 1393 1321 1289 1277 1141 1247 1111 1064 1165 1041 999 955 891 882 828 792 773 728 690 682 696 693 654 646 637 622 612 614 596 576 567 571 570 564 587 551 544 531 528 524 517 508 502 492 485 477 470 464 454 447 439 431 431 428 422 412 404 403 394 389 383 374 369 361 356 346
927 952 967 947 964 926 916 922 923 856 850 793 1098 1105 1080 1088 1138 1155 1167 1168 1140 1144 1132 1119 1100 1117 1127 1135 1155 1182 1237 1301 1356 1429 1425 1348 1312 1270 1159 1206 1131 1184 1148 1026 1137 1018 970 844 808 788 765 783 736 710 689 668 691 658 648 636 629 621 615 595 584 573 564 553 548 551 580 559 538 525 518 515 513 507 500 492 483 477 468 459 454 448 442 435 435 428 421 415 406 400 392 379 375 370 364 360 357 351
958 968 973 1010 999 945 920 904 899 855 811 918 1113 1115 1080 1170 1190 1180 1179 1156 1158 1170 1138 1115 1082 1105 1119 1115 1159 1176 1228 1407 1411 1484 1464 1464 1372 1334 1258 1131 1082 1058 1030 1077 1012 966 969 940 870 846 776 740 754 711 702 720 668 658 650 639 628 614 611 604 606 591 573 563 555 547 548 538 532 528 522 515 507 502 497 489 485 476 467 458 453 448 443 432 432 427 421 416 410 402 395 388 383 379 370 367 360 353
986 998 1013 995 968 942 955 898 879 864 817 906 1064 1143 1131 1128 1238 1208 1206 1158 1195 1180 1121 1076 1072 1080 1083 1132 1145 1156 1335 1454 1499 1519 1546 1474 1428 1371 1298 1289 1148 1135 1191 1110 1008 1051 1022 955 866 882 821 769 748 734 714 686 671 656 642 629 618 608 600 597 585 584 576 568 560 556 568 540 534 525 520 513 507 501 496 491 481 473 467 459 452 448 440 435 435 429 422 416 411 404 396 389 383 376 369 364 362 353
1020 1035 1040 986 985 964 937 934 874 841 873 929 1176 1186 1150 1226 1217 1240 1190 1170 1183 1147 1092 1078 1084 1074 1085 1093 1107 1144 1252 1383 1455 1563 1502 1506 1476 1384 1274 1334 1230 1232 1167 1063 1090 1006 931 868 827 804 777 777 766 748 721 686 684 660 636 631 621 608 601 593 582 578 566 568 556 567 552 536 529 523 517 516 504 499 492 486 481 472 465 460 451 446 439 434 434 427 422 414 408 402 395 389 384 375 369 365 360 355
993 1034 1035 990 979 951 929 907 848 893 908 904 1051 1221 1173 1255 1252 1238 1209 1208 1181 1141 1084 1085 1036 1047 1051 1075 1114 1136 1211 1429 1563 1566 1533 1440 1436 1443 1336 1289 1211 1140 1121 1065 1117 983 905 894 816 801 778 738 737 733 702 688 661 647 639 628 616 608 602 598 590 580 575 569 570 575 567 541 521 519 514 508 502 494 489 481 476 470 466 460 450 443 436 430 430 425 420 413 407 399 392 386 383 376 368 362 359 351
1014 1056 1046 1008 965 944 907 912 870 887 943 919 955 1151 1187 1240 1246 1222 1167 1116 1134 1108 1068 1053 1019 1052 1067 1068 1079 1136 1165 1244 1590 1601 1524 1517 1474 1334 1329 1302 1247 1147 1061 1091 1047 1006 971 900 839 838 775 744 714 732 712 675 663 644 638 628 625 615 606 601 596 586 596 572 569 558 581 541 527 518 510 507 500 493 485 478 472 466 460 456 449 446 436 430 430 426 416 409 403 398 391 385 381 375 366 362 357 351
1069 1055 1038 1015 978 939 923 883 892 942 967 939 958 1047 1208 1252 1253 1163 1138 1122 1115 1069 1046 1018 1000 1025 1046 1081 1073 1105 1236 1446 1545 1552 1502 1432 1409 1432 1346 1181 1198 1175 1035 1070 1015 1050 939 885 862 815 762 752 719 684 684 673 674 658 646 638 633 615 619 618 610 596 577 579 563 547 542 534 526 515 506 501 495 490 483 478 470 463 454 455 445 441 435 428 428 421 419 411 402 397 391 383 376 372 365 359 354 348
1069 1087 1063 1009 1008 948 946 983 1002 937 989 957 969 988 1267 1263 1173 1203 1203 1118 1107 1116 1069 1028 988 1017 1014 1044 1057 1107 1290 1408 1549 1527 1468 1444 1368 1383 1357 1232 1171 1168 1083 1017 1064 1039 961 879 847 838 769 768 715 688 708 671 664 659 668 664 643 640 618 608 600 588 589 589 572 555 540 531 520 512 501 494 491 485 479 474 468 462 457 449 445 439 429 425 425 420 407 403 401 390 385 384 379 368 363 356 354 348
1080 1111 1097 1018 966 1018 1030 1034 1027 999 969 992 1003 1010 1155 1269 1230 1162 1150 1110 1066 1071 1027 1009 963 999 996 996 1037 1076 1117 1292 1527 1522 1489 1428 1343 1301 1255 1123 1184 1105 1054 951 1031 990 942 859 820 796 792 765 759 726 702 695 693 662 647 638 626 624 611 596 602 582 578 585 573 577 539 523 517 511 501 492 485 478 475 470 462 457 453 450 441 438 431 425 425 419 413 407 398 395 385 381 370 362 365 357 343 340
1124 1118 1081 1046 984 1001 1020 1061 976 977 1037 1028 1058 1048 1089 1281 1250 1219 1181 1123 1063 1024 1013 1005 961 948 967 981 1003 1063 1251 1367 1476 1447 1399 1398 1304 1293 1257 1230 1137 992 968 939 955 919 875 852 838 820 775 745 755 730 716 681 675 678 670 657 635 611 602 600 580 577 572 574 566 551 537 522 512 503 495 487 482 475 470 465 459 454 449 445 439 435 430 423 423 416 410 405 398 392 383 380 371 366 359 354 349 342
1172 1130 1082 1078 1001 1035 1066 1088 1024 1007 1045 1042 1101 1074 1232 1223 1212 1160 1167 1134 1127 1084 1010 1044 1021 945 968 951 975 1027 1140 1262 1380 1335 1442 1362 1309 1227 1251 1224 1158 1129 1029 999 917 904 981 934 838 809 775 734 730 727 697 697 659 650 650 630 626 618 601 589 579 572 563 558 557 552 535 522 506 499 493 485 480 472 467 463 455 450 447 441 438 432 426 420 420 411 407 401 394 388 381 378 369 367 358 352 347 340
1167 1183 1143 1085 983 1145 1102 1066 1092 1046 1046 1108 1091 1062 1288 1251 1165 1173 1166 1090 1107 1063 1057 1056 977 916 962 949 973 1010 1097 1354 1275 1297 1299 1247 1156 1176 1149 1101 1198 1142 1059 1021 1001 967 961 873 821 802 751 771 726 714 682 664 681 650 630 622 608 594 592 586 606 583 568 551 548 538 528 519 512 498 489 481 472 469 461 454 451 445 443 438 433 427 423 420 420 411 406 399 391 384 380 374 365 361 354 351 345 337
1238 1202 1160 1093 1090 1050 1113 1073 1102 1065 1081 1125 1078 1087 1104 1194 1156 1135 1162 1142 1111 1103 1061 1052 971 933 901 926 940 978 1025 1236 1247 1237 1267 1219 1187 1165 1139 1024 1060 1075 1034 954 887 924 958 850 801 789 737 773 721 706 693 662 651 637 633 622 612 598 586 570 569 574 563 557 547 534 528 517 506 498 489 478 468 460 458 452 449 443 436 435 429 421 417 413 413 404 399 396 391 384 377 374 366 361 354 350 343 336
1249 1209 1209 1184 1163 1065 1102 1105 1097 1144 1130 1143 1118 1087 1135 1202 1187 1165 1148 1118 1100 1088 1078 1054 1007 980 893 904 917 930 975 1016 1022 1212 1247 1283 1231 1171 1164 1045 1095 987 1005 1009 933 852 842 903 796 791 745 709 717 679 710 667 637 631 618 617 618 606 597 582 575 559 551 544 539 526 522 514 504 498 487 477 470 463 455 451 443 440 435 431 426 420 415 409 409 404 398 392 387 382 377 370 365 357 353 348 340 333
1265 1243 1311 1323 1239 1161 1154 1144 1153 1133 1151 1125 1105 1093 1143 1222 1184 1161 1120 1090 1074 1090 1046 1019 990 963 862 898 910 889 896 1002 1142 1237 1277 1242 1245 1195 1097 1063 1064 1028 1019 1029 964 905 871 847 843 761 746 755 734 688 664 655 638 633 620 609 595 593 583 582 574 564 548 541 528 524 513 507 503 494 486 479 475 465 459 453 445 437 434 429 426 420 414 407 407 403 397 394 383 378 377 370 364 358 351 344 341 334
1279 1293 1352 1291 1049 1231 1238 1185 1181 1179 1178 1131 1098 1114 1160 1178 1156 1146 1106 1076 1064 1090 1047 1003 946 938 848 869 869 862 911 956 1151 1321 1315 1262 1220 1177 1136 1074 1120 1057 953 1012 951 956 865 788 819 780 748 739 700 701 688 667 658 646 623 613 604 595 582 571 563 561 551 541 531 524 517 509 498 493 485 478 472 463 457 452 444 436 431 424 419 417 412 407 407 400 396 389 384 380 374 369 364 357 352 346 340 333
1288 1277 1286 1162 1102 1231 1271 1175 1222 1177 1148 1119 1105 1134 1158 1146 1140 1114 1102 1089 1066 1023 999 955 917 940 824 852 856 849 884 912 1102 1176 1282 1199 1231 1163 1121 1088 997 1021 969 923 870 940 865 796 778 744 741 732 705 687 674 655 642 630 618 608 592 589 585 577 564 552 548 534 528 525 515 508 499 492 487 479 472 466 454 449 443 435 430 423 417 411 407 402 402 399 391 388 384 379 372 364 361 354 351 344 340 335
1352 1302 1268 1260 1219 1226 1279 1227 1260 1154 1169 1153 1152 1166 1175 1155 1144 1126 1103 1095 1030 1006 968 986 941 924 896 821 832 822 872 901 1156 1243 1207 1235 1235 1181 1123 1107 1116 1109 1000 850 829 819 779 798 784 772 733 734 707 684 677 673 651 627 613 614 599 593 592 584 567 554 545 537 529 521 512 506 500 492 485 478 471 464 456 447 443 437 428 421 414 410 404 397 397 394 389 386 380 376 369 365 359 354 346 344 338 333
1364 1347 1250 1183 1292 1270 1342 1317 1285 1213 1122 1109 1089 1098 1131 1150 1140 1130 1109 1066 1063 1017 987 955 937 856 832 833 793 801 819 878 950 954 1185 1289 1256 1162 1120 1116 1092 1067 925 850 824 804 789 739 792 747 721 727 701 682 650 654 658 641 629 625 606 591 590 573 557 549 538 529 523 515 509 505 494 488 482 474 466 462 453 446 438 432 426 418 412 406 399 393 393 389 386 382 376 372 368 363 358 353 347 340 337 331
1456 1405 1237 1276 1277 1299 1374 1349 1315 1252 1188 1103 1082 1095 1167 1157 1130 1145 1116 1088 1012 978 1002 940 920 863 812 806 818 818 836 858 907 1008 1222 1247 1188 1140 1111 1067 1053 1005 1020 911 868 809 768 711 709 764 756 719 663 658 658 640 640 636 619 616 603 594 574 568 556 542 530 522 517 511 506 499 496 491 485 478 466 461 451 442 434 429 421 414 407 402 395 390 390 383 382 378 371 367 364 360 355 350 344 341 335 330
1398 1421 1230 1318 1304 1305 1369 1347 1305 1229 1122 1100 1070 1089 1158 1151 1134 1139 1126 1066 1018 991 976 948 863 813 841 784 785 799 818 850 878 1023 1130 1229 1221 1150 1155 1110 1149 1041 968 897 818 835 723 725 695 701 719 704 670 661 645 633 642 623 606 595 594 586 578 558 550 536 526 516 511 505 500 493 491 482 479 474 470 458 449 441 434 426 420 413 406 399 394 389 389 382 376 374 368 363 359 354 350 348 343 339 335 331
1320 1248 1389 1348 1337 1316 1310 1295 1235 1175 1129 1070 1050 1069 1108 1134 1143 1121 1033 999 999 985 966 976 909 837 788 798 771 796 815 836 849 1035 1044 1184 1220 1173 1197 1146 1167 1149 922 847 885 808 729 768 680 721 703 700 661 666 656 630 623 626 599 591 575 578 568 560 544 536 524 516 507 499 494 487 483 480 476 471 464 460 446 440 434 427 419 411 406 398 393 386 386 380 376 371 365 361 356 352 348 344 342 336 331 329
1434 1414 1417 1364 1332 1327 1291 1277 1204 1154 1116 1097 1113 1013 1109 1062 1124 1104 988 999 945 936 896 949 854 858 803 761 765 780 791 799 828 880 977 1185 1171 1137 1169 1118 1055 1038 912 822 894 798 735 750 706 717 670 661 659 645 625 631 612 624 593 574 567 570 573 555 544 531 522 514 501 496 491 482 479 474 469 468 461 455 446 435 427 422 417 411 405 395 390 384 384 379 373 368 363 359 354 350 347 340 337 333 329 324
1497 1383 1392 1440 1366 1317 1289 1218 1196 1146 1152 1127 1050 1030 1087 1023 1099 1025 947 939 942 924 842 878 807 836 799 771 734 744 773 797 825 867 1031 1168 1195 1092 1079 1039 1027 880 832 768 832 853 802 752 649 653 661 641 640 635 615 615 618 596 583 569 557 554 553 548 546 531 519 509 502 494 488 481 472 472 463 462 455 449 442 434 426 418 412 406 402 394 388 381 381 377 372 367 361 357 353 347 343 340 335 331 328 326
1502 1394 1350 1388 1417 1304 1242 1253 1196 1178 1132 1096 1086 1011 998 1009 1002 970 936 895 861 854 848 849 750 752 750 745 731 750 775 787 806 852 985 1057 1202 1194 1162 1087 1119 1039 923 772 774 822 759 684 647 630 646 634 622 627 608 600 593 584 576 566 556 551 545 540 534 526 516 508 504 496 487 478 472 467 460 451 447 437 435 428 421 416 409 403 397 391 386 381 381 376 369 365 358 354 351 345 339 338 334 328 325 322
1579 1377 1390 1381 1381 1331 1263 1210 1162 1145 1104 1064 1063 1021 1003 1019 1007 962 911 870 868 852 830 799 810 802 783 726 749 739 759 768 784 834 1039 1175 1154 1145 1060 1167 1030 862 824 752 706 784 708 696 648 617 638 627 615 614 611 600 588 576 567 566 556 549 541 533 527 523 514 509 501 495 488 480 476 467 460 453 450 437 426 419 416 411 405 400 395 390 384 379 379 374 368 362 358 353 346 344 337 334 332 325 320 320
1666 1475 1401 1402 1332 1286 1227 1199 1205 1123 1122 1074 1043 1043 1067 1094 1029 970 907 935 851 867 855 793 799 862 796 731 721 736 746 733 766 793 908 1036 1139 1016 951 918 1011 887 750 730 699 659 644 651 645 613 610 624 607 606 610 604 587 580 567 557 556 548 538 531 524 516 511 504 498 492 485 477 470 466 457 451 446 436 432 427 421 413 406 396 394 386 384 378 378 373 368 361 358 351 344 342 337 333 330 325 323 319
1683 1549 1424 1410 1330 1300 1277 1237 1214 1194 1150 1061 1060 1073 1137 1034 1069 1019 943 898 900 851 843 802 819 799 765 748 734 702 711 718 730 771 839 952 1098 1014 865 854 951 953 778 751 671 698 629 608 652 600 608 613 602 591 595 598 581 567 562 553 543 536 535 526 522 516 504 498 492 486 480 473 469 461 457 443 439 435 432 425 421 414 406 401 392 388 382 377 377 372 367 360 355 350 344 342 337 332 329 323 324 319
1673 1518 1470 1373 1298 1278 1212 1195 1160 1092 1062 1052 1024 1167 1096 930 914 898 934 896 830 817 822 808 866 838 775 777 747 713 699 695 721 779 929 1177 951 884 838 786 803 724 696 744 690 648 625 616 605 581 590 598 600 612 578 594 595 566 551 545 542 536 527 520 517 511 504 497 493 485 479 471 465 458 457 450 444 436 430 426 418 415 408 397 391 388 381 376 376 371 362 360 354 350 349 342 337 333 328 326 322 319
1608 1567 1462 1373 1277 1284 1193 1185 1155 1149 1091 1019 1003 1009 950 934 954 926 903 923 846 846 849 809 822 783 794 784 740 721 692 700 737 793 997 1097 1070 1051 925 801 722 709 706 650 661 637 634 635 585 568 567 577 595 593 582 570 559 555 545 540 534 530 524 522 511 500 494 494 486 480 474 467 461 454 448 444 440 435 430 421 417 411 405 400 391 385 379 374 374 368 365 359 352 350 346 340 338 333 329 327 323 319
1664 1576 1492 1368 1247 1217 1232 1205 1216 1162 1096 1036 989 1002 974 930 968 989 924 904 896 898 877 845 815 779 765 724 738 714 679 701 737 802 1003 1265 1064 1042 975 896 854 752 759 699 618 686 609 623 602 568 554 569 588 576 580 565 553 546 542 531 528 524 519 511 508 506 493 486 478 475 471 462 458 453 444 439 437 431 423 420 414 409 402 397 389 384 381 374 374 368 363 356 355 349 345 340 336 332 328 325 321 318
1697 1697 1640 1494 1257 1276 1264 1261 1235 1172 1159 1069 994 986 1046 966 982 930 928 907 893 885 857 814 794 811 782 753 717 695 688 684 724 842 1160 1236 1110 960 882 838 814 831 844 726 601 639 596 579 565 550 562 568 564 559 558 550 541 541 536 526 521 518 513 507 500 498 492 483 477 471 467 460 458 450 446 438 431 428 420 419 414 408 403 397 391 386 378 372 372 367 364 359 356 350 345 341 335 331 329 325 321 318
1700 1729 1651 1516 1330 1259 1249 1233 1218 1175 1128 1042 1008 1002 1060 1000 1003 960 909 906 850 828 787 774 782 745 732 775 727 690 674 673 729 840 1133 1116 1098 1061 975 853 776 786 702 833 629 625 561 585 580 551 546 551 543 545 550 540 531 530 528 519 513 510 506 499 492 486 484 480 474 466 461 459 450 447 441 435 429 424 418 414 408 405 401 396 392 385 379 373 373 370 361 358 353 349 344 342 337 332 328 326 321 320
1788 1747 1684 1534 1472 1266 1214 1177 1163 1137 1079 1048 1025 1066 1041 1001 977 926 929 932 892 868 845 834 842 808 752 746 710 707 670 684 741 882 1156 1131 989 995 1021 918 783 939 824 789 685 582 603 546 560 529 533 539 542 526 540 531 526 523 519 512 505 503 500 492 485 481 480 472 467 461 460 453 448 441 436 430 423 420 415 411 404 402 395 392 386 382 377 369 369 368 364 355 354 349 346 342 338 334 329 328 325 320
1725 1671 1580 1573 1480 1308 1179 1151 1148 1078 1047 1022 1049 1058 1071 1026 988 951 940 881 880 827 812 790 822 801 821 769 743 696 687 685 748 937 1141 1014 995 954 878 840 752 738 783 708 599 579 548 575 529 517 513 528 519 517 523 519 515 511 509 504 500 491 491 486 480 472 469 469 462 456 452 449 442 440 432 431 420 418 414 409 400 399 394 390 383 382 376 370 370 367 363 360 353 349 344 342 339 335 332 329 325 321
1713 1653 1644 1623 1506 1339 1221 1161 1141 1081 1062 1032 1066 1093 1091 1032 965 972 950 888 835 850 828 813 796 766 782 763 697 679 665 687 737 883 1157 1001 855 856 769 817 701 722 702 663 609 595 579 569 508 512 504 529 504 508 503 507 503 500 501 497 490 486 484 481 474 467 466 462 455 454 447 441 439 431 430 425 420 414 408 406 399 395 390 389 383 377 373 369 369 365 361 358 356 349 346 342 339 337 332 329 324 321
1739 1686 1663 1582 1517 1353 1275 1189 1137 1133 1034 1054 1065 1088 1062 1017 997 935 876 870 798 800 769 780 776 776 721 741 715 675 666 706 745 1015 1094 1074 926 828 835 688 741 631 722 698 560 627 515 527 513 494 523 502 505 494 492 489 496 494 491 488 481 477 478 470 469 462 458 454 454 448 444 442 433 432 426 421 417 413 404 402 397 393 387 386 382 378 370 369 369 363 361 357 354 351 346 342 338 336 331 329 327 323
1734 1655 1571 1524 1486 1413 1366 1234 1145 1093 1048 1073 1089 1117 1043 1015 998 964 909 812 771 761 741 743 717 742 743 696 681 687 660 653 748 986 1128 961 986 910 916 787 655 635 610 655 522 580 496 541 486 505 511 505 494 483 482 486 489 488 486 482 477 472 469 467 462 459 452 451 447 445 440 432 430 426 422 420 416 411 405 400 394 390 386 383 377 372 372 367 367 363 358 357 355 349 347 343 341 338 334 329 323 322
1690 1670 1576 1536 1487 1414 1405 1237 1111 1096 1071 1112 1094 1085 1099 991 932 886 843 826 803 778 769 765 724 724 734 736 697 709 653 653 745 935 1115 1007 940 811 784 685 700 632 598 621 530 484 472 461 473 474 486 486 483 477 475 482 480 479 478 475 471 468 463 458 453 449 447 445 442 439 437 434 426 425 420 413 410 408 401 396 393 394 383 382 378 374 372 366 366 361 359 359 354 352 350 344 342 337 332 328 327 322
1683 1632 1559 1508 1471 1394 1280 1194 1123 1098 1108 1088 1103 1111 988 948 925 907 870 846 817 747 735 729 692 677 706 715 706 676 640 650 756 993 1019 1076 930 818 851 672 711 663 546 586 539 499 485 511 486 456 462 468 467 467 471 476 473 466 467 466 464 460 452 453 449 445 443 439 435 437 433 430 425 422 419 415 407 413 401 398 390 389 384 381 380 375 369 366 366 365 357 358 353 350 347 344 338 336 334 330 327 323
1683 1536 1515 1459 1413 1334 1263 1298 1198 1115 1105 1073 983 1021 1025 954 939 876 820 829 789 767 744 720 695 671 675 687 665 645 640 667 726 879 974 951 888 685 815 802 697 744 598 527 514 503 491 537 488 465 441 463 454 447 462 465 465 459 456 456 454 450 446 446 446 443 439 438 430 432 429 425 422 419 412 409 406 402 399 395 387 387 379 380 377 373 368 365 365 360 359 356 352 348 349 342 337 340 335 330 330 327
1593 1542 1416 1404 1404 1329 1290 1316 1198 1110 1101 1063 994 920 909 905 893 811 781 779 750 733 719 723 713 733 698 666 682 639 648 692 754 827 879 682 673 572 719 794 590 642 497 525 495 496 479 541 495 485 463 438 437 435 436 447 458 457 453 446 445 445 438 439 440 446 436 431 429 427 425 421 417 416 411 408 402 400 395 391 389 383 381 378 374 368 368 365 365 358 358 355 349 354 348 343 343 336 334 331 332 328
1586 1470 1412 1395 1396 1377 1325 1279 1208 1151 1088 1043 1022 959 854 841 828 805 789 774 768 760 736 754 727 736 712 676 683 641 648 670 735 897 761 680 682 563 552 657 552 512 519 490 509 500 497 537 499 475 468 457 438 430 428 444 444 448 449 443 442 438 437 434 432 434 425 430 425 423 419 418 413 408 407 406 401 395 395 390 386 383 378 373 374 376 365 363 363 362 357 353 353 349 348 346 342 341 337 335 330 329
1520 1424 1457 1424 1419 1381 1314 1162 1121 1120 1086 1033 998 917 877 869 842 834 825 808 787 796 772 755 745 729 702 712 677 641 641 650 769 755 644 593 845 786 656 653 580 582 516 526 516 515 543 539 498 475 490 466 475 470 430 435 427 443 439 442 442 441 437 435 431 429 423 422 417 415 410 415 412 407 402 400 402 396 392 391 385 384 383 381 374 373 372 370 370 362 360 355 353 351 350 349 347 339 337 337 335 330
1458 1492 1486 1446 1421 1354 1239 1211 1138 1110 1045 1020 989 972 894 861 819 827 793 777 754 774 744 774 746 755 716 704 650 641 641 641 713 655 610 636 929 828 721 628 585 572 520 581 531 503 531 527 502 506 502 477 480 465 452 437 419 438 439 445 442 438 438 433 432 430 424 424 419 415 413 409 406 402 403 400 396 396 390 388 387 383 381 375 369 373 369 367 367 364 362 359 355 351 350 349 339 342 340 339 335 330
1541 1506 1472 1464 1388 1339 1271 1191 1168 1135 1064 985 976 930 893 891 882 788 792 772 762 747 721 739 733 715 713 656 641 641 641 641 679 672 886 872 847 737 701 681 622 561 555 570 531 510 524 521 515 517 497 491 488 468 460 444 428 434 438 436 432 435 431 431 434 428 427 422 418 417 411 408 404 409 404 403 397 393 389 387 386 380 377 375 372 370 368 367 367 363 360 356 355 352 351 348 344 341 339 340 334 331
1560 1517 1492 1463 1401 1323 1209 1236 1176 1166 1117 998 958 851 864 833 823 767 767 733 710 694 721 710 751 695 696 641 641 641 641 656 710 741 915 953 865 722 719 666 591 568 571 552 531 521 549 539 530 520 503 491 489 470 451 440 415 424 416 405 404 417 426 428 426 427 424 421 420 414 410 406 408 403 400 395 394 391 386 386 384 380 377 376 375 369 367 363 363 362 360 355 353 353 349 343 345 340 339 336 332 329
1504 1494 1479 1432 1345 1317 1301 1266 1201 1104 1027 974 994 892 821 828 833 740 750 713 692 690 703 674 700 675 676 641 641 658 681 688 714 884 985 899 849 777 762 653 611 610 612 578 558 553 581 560 537 514 497 488 481 466 458 446 444 425 408 399 400 398 419 422 422 419 424 416 414 406 395 398 398 397 389 375 391 391 389 386 384 381 381 378 373 370 369 366 366 361 361 359 353 350 348 343 343 342 340 338 331 330
1471 1447 1419 1429 1331 1283 1275 1233 1191 1129 920 957 909 842 823 803 796 791 793 739 722 746 705 694 662 668 639 652 658 678 682 721 727 834 973 865 820 698 714 639 638 613 603 567 546 553 554 540 524 511 497 486 477 469 462 456 450 441 436 424 408 398 403 407 406 413 413 407 381 375 370 368 367 365 362 362 372 392 391 393 384 388 381 377 376 374 370 367 367 363 362 359 357 353 350 348 344 340 338 339 334 328
1420 1437 1408 1413 1325 1278 1239 1257 1220 1136 975 948 860 881 858 864 835 835 808 768 735 716 710 706 692 678 645 660 686 716 757 750 776 819 1007 867 851 694 661 626 637 590 575 561 550 557 542 524 516 506 497 487 477 478 477 470 461 451 442 432 421 403 400 397 394 390 387 388 378 378 383 368 365 362 359 357 354 377 387 390 394 383 379 377 375 374 369 368 368 367 362 360 353 355 350 348 342 342 338 338 330 330
1424 1403 1371 1419 1329 1305 1296 1275 1233 1176 1071 983 921 895 864 881 845 814 802 751 780 726 742 686 662 652 655 683 864 792 778 758 745 782 970 893 761 712 687 642 635 602 583 574 566 559 537 535 525 514 502 493 492 487 489 479 469 456 453 447 441 430 418 411 392 389 380 380 380 381 410 397 401 401 397 389 383 372 356 355 359 377 376 377 377 373 368 367 367 364 363 363 358 355 348 349 343 340 339 333 335 331
1360 1295 1326 1395 1325 1332 1320 1293 1240 1189 1148 1010 979 936 903 871 834 830 838 783 798 725 711 725 667 674 689 745 913 806 739 720 725 730 866 849 793 725 664 653 624 604 581 567 558 559 556 538 530 520 511 498 499 489 486 481 469 462 459 451 447 433 410 433 424 410 403 404 395 411 410 407 406 401 400 397 396 388 371 361 348 351 345 364 370 372 368 366 366 364 361 360 360 353 351 349 343 340 338 339 332 329
1353 1287 1214 1358 1285 1318 1246 1247 1276 1197 1182 1161 992 986 909 897 913 864 846 847 838 720 743 699 679 687 726 865 788 782 745 711 687 692 751 762 792 745 656 638 604 585 579 566 553 556 544 525 516 514 509 497 494 491 484 473 468 465 459 453 427 427 431 442 433 424 429 424 418 413 410 405 404 400 397 394 399 392 389 382 368 365 373 347 345 363 359 366 366 362 358 356 345 352 351 346 344 342 340 340 335 327
1291 1222 1197 1265 1250 1290 1232 1213 1269 1252 1248 1156 992 967 864 872 844 840 794 808 774 767 693 677 668 693 826 818 779 745 728 688 680 661 678 752 736 715 643 642 597 587 571 569 556 555 543 526 518 511 507 498 492 486 480 471 469 465 446 448 450 447 442 440 434 430 426 419 417 409 409 408 405 400 393 393 393 394 389 389 385 383 378 374 364 340 340 331 331 350 333 345 343 339 327 325 327 322 321 320 323 310
1344 1303 1213 1172 1168 1196 1256 1170 1257 1140 1214 1139 1032 930 866 793 817 780 780 773 731 744 712 694 662 702 899 879 796 762 725 717 674 653 651 659 689 670 651 645 608 590 573 555 551 544 534 525 518 510 505 499 494 487 482 474 467 454 461 458 454 451 444 441 436 442 435 431 414 409 407 408 403 401 398 392 391 386 389 389 385 383 380 378 372 364 359 355 355 337 353 354 353 342 338 344 348 343 341 336 319 333
1398 1341 1360 1313 1149 1122 1217 1135 1227 1199 1075 1192 966 887 907 830 753 719 704 703 693 711 714 684 685 752 850 828 785 749 742 690 672 662 648 630 639 639 663 655 636 600 579 555 545 547 563 550 520 506 501 497 493 488 483 465 470 471 463 463 458 454 448 446 437 437 436 427 417 410 406 403 405 404 400 396 397 390 386 388 387 383 380 378 376 373 369 370 370 363 358 355 352 350 350 349 343 341 339 336 336 334
1444 1373 1309 1301 1221 1212 1099 1166 1118 1201 1132 1018 973 865 833 799 781 749 733 748 717 685 697 673 740 911 895 807 781 747 697 673 650 638 627 618 633 620 629 662 655 598 583 561 550 562 578 550 525 509 499 498 496 480 480 480 477 473 470 466 459 455 452 446 446 439 438 419 426 419 413 410 409 405 405 399 395 387 383 382 384 383 377 379 376 376 372 368 368 365 361 356 350 350 350 349 346 345 338 339 335 333
1432 1397 1363 1292 1308 1228 1184 1072 1133 1007 1094 1030 894 786 789 761 774 754 740 730 727 695 693 688 873 951 828 799 753 730 754 708 660 645 638 623 607 609 609 639 648 599 581 562 553 575 573 547 521 509 502 502 498 489 491 485 482 472 471 467 460 456 452 451 442 440 443 431 426 419 413 410 402 410 403 398 395 392 388 387 382 379 376 376 377 373 370 368 368 364 356 357 352 351 347 344 345 342 339 338 335 337
1341 1394 1368 1321 1215 1196 1062 1054 984 1021 1113 894 856 956 857 789 806 766 762 742 699 708 705 722 885 905 852 815 762 747 752 684 660 645 642 627 616 595 598 622 615 587 578 566 559 610 569 539 524 511 509 499 497 498 491 487 482 475 471 465 460 458 462 451 442 440 438 429 426 424 418 413 407 409 404 399 394 393 388 387 385 379 378 374 375 371 365 362 362 366 362 352 354 349 347 341 341 342 339 336 335 334
1416 1345 1257 1157 1112 1113 1271 1142 1083 1116 1039 1007 1052 1006 874 837 817 795 791 757 735 716 731 770 950 894 858 807 804 792 739 675 658 645 627 617 614 616 599 595 604 581 572 570 562 594 554 534 520 513 513 509 505 501 498 491 483 479 475 472 463 463 461 452 444 442 434 431 428 423 413 413 410 407 401 400 395 393 388 383 381 380 375 375 374 372 369 368 368 362 358 358 355 345 345 346 343 341 340 336 336 336
